0, 
5000, 
1000, 
6000, 
2000, 
7000, 
3000, 
9000, 
4000, 
8000, 
0, 
5000, 
1000, 
6000, 
2000, 
7000, 
3000, 
9000, 
4000, 
8000, 
0, 
5000, 
1000, 
6000, 
2000, 
7000, 
3000, 
9000, 
4000, 
8000, 
0, 
5000, 
1000, 
6000, 
2000, 
7000, 
3000, 
9000, 
4000, 
8000, 
0, 
5000, 
1000, 
6000, 
2000, 
7000, 
3000, 
9000, 
4000, 
8000, 
0, 
5000, 
1000, 
6000, 
2000, 
7000, 
3000, 
9000, 
4000, 
8000, 
0, 
5000, 
1000, 
6000, 
2000, 
7000, 
3000, 
9000, 
4000, 
8000, 
0, 
5000, 
1000, 
6000, 
2000, 
7000, 
3000, 
9000, 
4000, 
8000, 
